33001965100
33001965200
33001965300
33001965400
33001965598
33001965600
33001965700
33001965800
33001965900
33001966000
33001966100
33001966200
33001966401
33001966402
33001966500
33003955100
33003955300
33003955400
33003955500
33003955600
33003955800
33003955900
33003956000
33003956100
33003956300
33003956400
33005970100
33005970200
33005970400
33005970500
33005970600
33005970700
33005970800
33005970900
33005971000
33005971100
33005971300
33005971401
33005971402
33005971500
33005971600
33005971700
33007950100
33007950200
33007950300
33007950400
33007950500
33007950600
33007950700
33007950800
33007950900
33007951000
33007951100
33009960100
33009960200
33009960300
33009960400
33009960500
33009960600
33009960700
33009960800
33009960900
33009961000
33009961100
33009961200
33009961300
33009961400
33009961500
33009961601
33009961602
33009961700
33009961800
33011000101
33011000102
33011000202
33011000203
33011000204
33011000300
33011000600
33011000700
33011000800
33011000901
33011000902
33011001000
33011001100
33011001200
33011001300
33011001400
33011001500
33011001600
33011001700
33011001800
33011001900
33011002000
33011002100
33011002200
33011002300
33011002400
33011002500
33011002600
33011002701
33011002702
33011002800
33011002901
33011002902
33011002903
33011010100
33011010200
33011010301
33011010302
33011010400
33011010500
33011010600
33011010700
33011010800
33011010900
33011011000
33011011101
33011011102
33011011200
33011011300
33011011401
33011011402
33011011500
33011012100
33011012200
33011012300
33011013100
33011014100
33011014201
33011014202
33011014300
33011015100
33011015200
33011016100
33011016201
33011016202
33011017100
33011018000
33011018501
33011018502
33011019000
33011019501
33011019502
33011020000
33011021000
33011021500
33011022000
33011022500
33011023000
33011024000
33011025000
33011025500
33011200100
33011200200
33011200300
33011200400
33011980101
33013003001
33013003006
33013003100
33013003200
33013030000
33013031001
33013031002
33013032100
33013032200
33013032300
33013032400
33013032500
33013032600
33013032701
33013032706
33013032800
33013032900
33013033000
33013034000
33013035000
33013036000
33013037000
33013038000
33013038500
33013039000
33013040000
33013040500
33013041000
33013041500
33013042500
33013043001
33013043002
33013044000
33013044100
33013044200
33013044300
33015003301
33015003302
33015003400
33015003500
33015003601
33015003602
33015003701
33015003703
33015003801
33015003802
33015003901
33015003902
33015004000
33015050000
33015051000
33015052000
33015053000
33015054000
33015055001
33015055002
33015056000
33015057000
33015058000
33015059000
33015060000
33015061001
33015062000
33015062500
33015063001
33015063002
33015064000
33015065001
33015065005
33015065006
33015065007
33015065008
33015066000
33015067000
33015067501
33015067502
33015069100
33015069200
33015069300
33015069700
33015071000
33015100100
33015100200
33015100301
33015100302
33015100400
33015101100
33015102100
33015103100
33015104101
33015104102
33015105100
33015106101
33015106102
33015106200
33015106400
33015107100
33015107200
33015107400
33015107500
33015980011
33015990000
33017080100
33017080202
33017080203
33017080204
33017080500
33017081100
33017081200
33017081300
33017081400
33017081500
33017081600
33017082000
33017083001
33017083002
33017084100
33017084200
33017084300
33017084400
33017084500
33017084600
33017085000
33017086000
33017087000
33017088000
33017088500
33019975100
33019975200
33019975300
33019975400
33019975500
33019975600
33019975700
33019975800
33019975901
33019975902
50001960100
50001960200
50001960300
50001960400
50001960500
50001960600
50001960700
50001960800
50001960900
50001961000
50003970200
50003970300
50003970400
50003970500
50003970600
50003970700
50003970800
50003970900
50003971000
50003971100
50003971200
50003971300
50005957000
50005957100
50005957200
50005957300
50005957400
50005957500
50005957600
50005957700
50005957800
50005957900
50007000100
50007000200
50007000300
50007000400
50007000500
50007000600
50007000800
50007000900
50007001000
50007001100
50007002101
50007002102
50007002200
50007002301
50007002302
50007002400
50007002500
50007002601
50007002602
50007002701
50007002702
50007002800
50007002900
50007003000
50007003100
50007003301
50007003304
50007003400
50007003501
50007003502
50007003503
50007003600
50007003900
50007004002
50007980000
50009950100
50009950200
50009950500
50011010100
50011010200
50011010300
50011010400
50011010500
50011010600
50011010700
50011010800
50011010900
50011011000
50013020100
50013020200
50015953000
50015953100
50015953200
50015953300
50015953400
50015953500
50015953600
50017959000
50017959101
50017959102
50017959200
50017959300
50017959400
50017959500
50017959600
50017959700
50017959800
50019951100
50019951200
50019951300
50019951400
50019951500
50019951600
50019951700
50019951800
50019951900
50019952000
50021962100
50021962200
50021962300
50021962400
50021962500
50021962600
50021962700
50021962800
50021963000
50021963100
50021963200
50021963300
50021963400
50021963500
50021963600
50021963700
50021963800
50021964000
50021964200
50021964300
50023954000
50023954100
50023954200
50023954300
50023954400
50023954500
50023954600
50023954700
50023954800
50023954900
50023955000
50023955100
50023955200
50023955300
50023955400
50023955500
50023955600
50023955700
50023955800
50025967000
50025967100
50025967200
50025967300
50025967400
50025967500
50025967600
50025967700
50025967800
50025967900
50025968000
50025968100
50025968200
50025968300
50025968400
50025968500
50025968600
50025968700
50027965000
50027965100
50027965200
50027965300
50027965400
50027965501
50027965502
50027965600
50027965700
50027965800
50027965900
50027966000
50027966100
50027966200
50027966300
50027966500
50027966600
50027966700
